iso_code,country,year,co2,co2_per_capita,trade_co2,cement_co2,cement_co2_per_capita,coal_co2,coal_co2_per_capita,flaring_co2,flaring_co2_per_capita,gas_co2,gas_co2_per_capita,oil_co2,oil_co2_per_capita,other_industry_co2,other_co2_per_capita,co2_growth_prct,co2_growth_abs,co2_per_gdp,co2_per_unit_energy,consumption_co2,consumption_co2_per_capita,consumption_co2_per_gdp,cumulative_co2,cumulative_cement_co2,cumulative_coal_co2,cumulative_flaring_co2,cumulative_gas_co2,cumulative_oil_co2,cumulative_other_co2,trade_co2_share,share_global_co2,share_global_cement_co2,share_global_coal_co2,share_global_flaring_co2,share_global_gas_co2,share_global_oil_co2,share_global_other_co2,share_global_cumulative_co2,share_global_cumulative_cement_co2,share_global_cumulative_coal_co2,share_global_cumulative_flaring_co2,share_global_cumulative_gas_co2,share_global_cumulative_oil_co2,share_global_cumulative_other_co2,total_ghg,ghg_per_capita,total_ghg_excluding_lucf,ghg_excluding_lucf_per_capita,methane,methane_per_capita,nitrous_oxide,nitrous_oxide_per_capita,population,gdp,primary_energy_consumption,energy_per_capita,energy_per_gdp
AFG,Afghanistan,1949,0.015,0.002,,,,0.015,0.002,,,,,,,,,,,,,,,,0.015,,0.015,,,,,,0.0,,0.0,,,,,0.0,,0.0,,,,,,,,,,,,,7624058.0,,,,
AFG,Afghanistan,1950,0.084,0.011,,,,0.021,0.003,,,,,0.063,0.008,,,475.0,0.07,0.009,,,,,0.099,,0.036,,,0.063,,,0.0,,0.0,,,0.0,,0.0,,0.0,,,0.0,,,,,,,,,,7752117.0,9421400064.0,,,
AFG,Afghanistan,1951,0.092,0.012,,,,0.026,0.003,,,,,0.066,0.008,,,8.7,0.007,0.01,,,,,0.191,,0.061,,,0.129,,,0.0,,0.0,,,0.0,,0.0,,0.0,,,0.0,,,,,,,,,,7840151.0,9692279808.0,,,
AFG,Afghanistan,1952,0.092,0.012,,,,0.032,0.004,,,,,0.06,0.008,,,0.0,0.0,0.009,,,,,0.282,,0.093,,,0.189,,,0.0,,0.0,,,0.0,,0.0,,0.0,,,0.0,,,,,,,,,,7935996.0,10017325056.0,,,
AFG,Afghanistan,1953,0.106,0.013,,,,0.038,0.005,,,,,0.068,0.008,,,16.0,0.015,0.01,,,,,0.388,,0.131,,,0.257,,,0.0,,0.0,,,0.0,,0.0,,0.0,,,0.0,,,,,,,,,,8039684.0,10630519808.0,,,
AFG,Afghanistan,1954,0.106,0.013,,,,0.043,0.005,,,,,0.064,0.008,,,0.0,0.0,0.01,,,,,0.495,,0.174,,,0.321,,,0.0,,0.0,,,0.0,,0.0,,0.0,,,0.0,,,,,,,,,,8151316.0,10866360320.0,,,
AFG,Afghanistan,1955,0.154,0.019,,,,0.062,0.008,,,,,0.092,0.011,,,44.83,0.048,0.014,,,,,0.649,,0.236,,,0.413,,,0.0,,0.0,,,0.0,,0.0,,0.0,,,0.0,,,,,,,,,,8270992.0,11078185984.0,,,
AFG,Afghanistan,1956,0.183,0.022,,,,0.062,0.007,,,,,0.121,0.014,,,19.05,0.029,0.016,,,,,0.832,,0.298,,,0.534,,,0.0,,0.0,,,0.0,,0.0,,0.0,,,0.0,,,,,,,,,,8398873.0,11581236224.0,,,
AFG,Afghanistan,1957,0.293,0.034,,,,0.077,0.009,,,,,0.216,0.025,,,60.0,0.11,0.025,,,,,1.125,,0.375,,,0.75,,,0.0,,0.0,,,0.01,,0.0,,0.0,,,0.0,,,,,,,,,,8535157.0,11578973184.0,,,